0 
0 
0 
0 
0 
0 
0 
0 
0 
0 
0 
0 
0 
0 
0 
0 
0 
0 
0 
0 
0 
0 
0 
0 
0 
0 
0 
0 
0 
0 
0 
0 
0 
0 
0 
0 
0 
2 
3 
0 
0 
0 
0 
0 
0 
0 
0 
0 
0 
0 
0 
0 
0 
0 
0 
0 
0 
0 
0 
0 
0 
0 
0 
0 
0 
0 
0 
0 
0 
0 
0 
0 
0 
0 
0 
-14874 
32089 
-28720 
-31973 
15212 
28314 
29145 
26815 
-10440 
-28907 
27983 
24717 
-7304 
-24858 
-11129 
-13796 
-6073 
25899 
3451 
5426 
-20210 
-10855 
827 
13498 
-23324 
23711 
-1407 
7373 
-5880 
-1721 
-29245 
-2157 
-15868 
30099 
13034 
-15068 
-25914 
0 
0 
0 
0 
0 
0 
0 
0 
0 
0 
0 
0 
0 
0 
0 
0 
0 
0 
0 
0 
0 
0 
0 
0 
0 
0 
0 
0 
0 
0 
0 
0 
0 
0 
0 
0 
0 
